[gd_scene load_steps=7 format=3 uid="uid://s8dmi2g1hu2t"]

[ext_resource type="Script" uid="uid://bx00fnhlbwhlh" path="res://demo/world_editor.gd" id="2_dar0o"]
[ext_resource type="Script" uid="uid://ojind5ypwi07" path="res://demo/auxiliary/fps_meter.gd" id="2_ytiva"]
[ext_resource type="Script" uid="uid://cyvv1bjdipbml" path="res://demo/player_controller.gd" id="4_j5lb4"]

[sub_resource type="ConcavePolygonShape3D" id="ConcavePolygonShape3D_dar0o"]

[sub_resource type="CapsuleShape3D" id="CapsuleShape3D_j5lb4"]
height = 1.8

[sub_resource type="ImageTexture" id="ImageTexture_5hjng"]

[node name="Node3D" type="Node3D"]

[node name="VoxelWorld" type="VoxelWorld" parent="." node_paths=PackedStringArray("voxel_world_collider", "player_node", "sun_light")]
brick_map_size = Vector3i(64, 32, 64)
voxel_world_collider = NodePath("VoxelWorldCollider")
player_node = NodePath("../Player")
sun_light = NodePath("Sun")
ground_color = Color(0.6336, 0.88928, 0.96, 1)
sky_color = Color(0.2881, 0.561795, 0.67, 1)
transform = Transform3D(0.999641, -0.0174314, -0.0203317, 0.017435, 0.999848, 0, 0.0203286, -0.000354483, 0.999793, 0, 0, 0)

[node name="VoxelWorldCollider" type="VoxelWorldCollider" parent="VoxelWorld" node_paths=PackedStringArray("collision_shape")]
collider_size = Vector3i(16, 32, 16)
collision_shape = NodePath("StaticBody3D/CollisionShape3D")
transform = Transform3D(0.999642, 0.017435, 0.0203286, -0.0174314, 0.999848, -0.000354483, -0.0203317, -2.32831e-10, 0.999794, 0, 0, 0)

[node name="StaticBody3D" type="StaticBody3D" parent="VoxelWorld/VoxelWorldCollider"]
transform = Transform3D(1, 1.11711e-08, 2.98023e-08, -5.58793e-09, 1, -1.66533e-16, -1.11759e-08, 2.32783e-10, 1, 0, 0, 0)

[node name="CollisionShape3D" type="CollisionShape3D" parent="VoxelWorld/VoxelWorldCollider/StaticBody3D"]
shape = SubResource("ConcavePolygonShape3D_dar0o")

[node name="Sun" type="DirectionalLight3D" parent="VoxelWorld"]
transform = Transform3D(0.63628, 0.354164, -0.685359, 0.013708, 0.883062, 0.469055, 0.771337, -0.307845, 0.55702, 0, 0, 0)

[node name="Player" type="CharacterBody3D" parent="." node_paths=PackedStringArray("camera")]
transform = Transform3D(1, 0, 0, 0, 1, 0, 0, 0, 1, 32, 32, 32)
script = ExtResource("4_j5lb4")
camera = NodePath("VoxelCamera")

[node name="CollisionShape3D" type="CollisionShape3D" parent="Player"]
transform = Transform3D(1, 0, 0, 0, 1, 0, 0, 0, 1, 0, 0.9, 0)
shape = SubResource("CapsuleShape3D_j5lb4")

[node name="VoxelCamera" type="VoxelCamera" parent="Player" node_paths=PackedStringArray("voxel_world", "output_texture")]
voxel_world = NodePath("../../VoxelWorld")
output_texture = NodePath("TextureRect")
transform = Transform3D(1, 0, 0, 0, 1, 0, 0, 0, 1, 0, 1.6, 0)

[node name="WorldEditor" type="Node3D" parent="Player/VoxelCamera" node_paths=PackedStringArray("world")]
script = ExtResource("2_dar0o")
world = NodePath("../../../VoxelWorld")

[node name="TextureRect" type="TextureRect" parent="Player/VoxelCamera"]
anchors_preset = 15
anchor_right = 1.0
anchor_bottom = 1.0
grow_horizontal = 2
grow_vertical = 2
texture = SubResource("ImageTexture_5hjng")

[node name="GUI" type="Control" parent="Player/VoxelCamera/TextureRect"]
layout_mode = 1
anchors_preset = 15
anchor_right = 1.0
anchor_bottom = 1.0
grow_horizontal = 2
grow_vertical = 2

[node name="TextureRect" type="ColorRect" parent="Player/VoxelCamera/TextureRect/GUI"]
layout_mode = 1
anchors_preset = 8
anchor_left = 0.5
anchor_top = 0.5
anchor_right = 0.5
anchor_bottom = 0.5
offset_left = -2.5
offset_top = -2.5
offset_right = 2.5
offset_bottom = 2.5
grow_horizontal = 2
grow_vertical = 2

[node name="DebugLabel" type="Label" parent="Player/VoxelCamera/TextureRect/GUI" node_paths=PackedStringArray("reference_node")]
offset_right = 40.0
offset_bottom = 23.0
script = ExtResource("2_ytiva")
reference_node = NodePath("../../..")
